37614
4030
58308
5847
46313
29144
49385
60071
2123
13928
54522
23997
34526
39511
62753
2939
554
58725
48784
30915
13771
48098
270
54256
9819
33242
56660
21202
16318
47599
1908
16077
51038
5862
8082
1702
31498
15975
22415
23846
10385
41402
4591
24969
52744
65118
61644
36190
23684
63729
522
4325
36838
18640
41872
60821
54143
18089
7783
27757
52759
39911
17755
5480
46452
51474
629
34005
52023
15780
18834
64795
36802
37203
27823
23914
3471
56570
5036
55961
46247
17683
54318
64769
15487
4275
33449
42724
59184
31480
12843
20739
56694
8611
35060
61662
37900
9961
39744
45978
47693
60941
7973
40070
58518
44790
13176
17462
23581
56382
33614
12307
28400
44573
40809
10243
36593
49846
33193
23172
8974
7772
21489
13814
21477
25713
30452
29078
23039
40899
3417
34952
141
40992
55230
48944
39397
54906
17890
60760
35791
47464
19307
39100
46676
26090
47900
12598
12652
13166
54482
25846
29209
58235
61550
54619
42732
35926
5527
59183
44190
14235
9408
53459
5562
51569
29877
24841
29286
18431
24622
40788
61329
11322
54232
24107
64859
29266
5673
1285
31626
39024
35456
18292
52971
21180
22400
40194
43888
11235
37125
11683
37670
36354
46877
32398
25134
18614
8438
38285
26979
56095
54155
836
54645
56132
37741
29253
33817
21658
61056
65212
7659
62685
61783
58323
52976
11768
6907
34419
23176
60672
31936
50024
28481
17935
20935
48879
1270
6880
30120
32805
32891
45856
11109
352
13839
57662
32753
20955
25386
20969
5538
4940
41680
14070
23404
20840
21156
38189
39538
6133
2907
3781
4621
39060
47740
20308
46288
22929
44780
295
23510
9609
62034
62499
16299
1661
6352
25428
47873
57422
39851
56503
16946
34059
17331
34480
48748
51944
56007
27695
15363
3724
41464
13383
60252
5885
2240
36812
39691
55478
4818
38944
2844
38435
19029
63838
13337
12943
11611
47225
64509
48178
44082
40769
61050
41080
37860
17732
45257
13641
669
33117
53791
12541
13106
1133
48311
58203
53201
28370
20253
64137
27243
24524
42317
61806
57708
35907
58503
61484
6631
41404
14062
36076
10955
42745
17400
506
32800
15809
17381
49062
40740
62799
44627
52173
40310
6850
35108
55147
29633
49422
36224
60256
37012
13486
61217
49757
16314
40123
15916
29963
65170
5015
119
51546
58353
12539
37862
58534
9003
34463
15160
7200
847
25481
57622
22089
38570
51524
54553
46353
6258
38250
13201
51454
12384
47576
42461
13497
58194
64086
1517
43916
44477
4162
11960
30575
65160
38781
56519
63997
61292
37970
8318
53695
59713
19504
9869
49282
44804
11065
21980
4729
47113
25348
15256
61140
35121
13312
61948
41858
60404
36471
35751
1332
6506
4869
14138
25816
42198
57408
56557
19121
44423
64727
46300
10072
32902
16056
91
59987
51427
2304
40437
65338
65131
6174
34262
35652
18386
21907
30428
86
11207
38800
51829
46642
30094
35979
51676
22686
45694
27651
12806
41063
53236
27724
16144
10089
8526
17816
31848
50015
34220
3299
18067
57977
27064
35346
61063
64997
62608
31685
32613
37840
7443
25932
30204
55777
36722
61490
10425
48584
59259
18168
1443
63605
39838
19073
13977
15616
9382
4861
10412
37913
10148
51433
5625
4614
12228
50755
12534
32449
30295
56481
51123
38632
15608
5572
29881
72
55820
53854
48405
18173
8216
39473
50886
32681
42359
37252
52190
59802
25010
28282
46070
61374
26821
3496
41700
41606
26767
50191
6015
36504
10953
9762
25540
9561
19243
54194
18244
42143
44885
38859
26948
2853
4586
48660
28778
38664
9494
21819
52570
5128
53224
25530
48060
53086
50846
4632
62715
61582
64962
63427
30876
45092
4954
3645
17181
2305
61106
5535
56478
3278
18086
13791
6039
39691
3531
28111
56589
24978
40019
31730
27080
28749
52808
45619
18143
21980
49963
60513
41525
25288
57128
18057
33008
59996
38759
21495
53624
56898
16280
24090
21372
4593
57363
33790
1605
36864
18134
39879
42807
23298
21465
10221
20299
32899
36760
64985
28024
48367
39597
56244
59713
58645
64552
56157
51791
37808
23379
45432
13419
4453
46507
64745
10383
20954
42179
40407
20563
4990
7772
26380
5900
30609
11464
20986
42902
44732
11167
16590
44449
60194
61062
58133
18677
40110
33342
23807
49099
58961
44194
16154
42515
13567
64568
20790
20942
18833
48201
54970
13186
57287
62690
45513
40140
19640
18253
5381
28955
65508
54618
65045
27969
13020
58643
13622
5303
21832
57462
1252
52921
56689
783
51070
27838
12622
10942
3273
50879
55513
5890
48619
37684
14730
28
55480
22629
49905
65081
10920
46385
57253
46652
46402
10451
47707
16005
61758
34275
10035
4070
5927
58559
56196
5801
35995
61335
52379
58032
63537
62917
44718
28011
46062
14428
25217
42464
2964
11769
53371
47007
6331
6974
34117
61029
5937
53042
3260
57021
45223
51769
54911
41257
15229
47839
39300
2794
64978
26701
3234
53801
47103
42598
7885
62589
37089
20066
1305
56360
50826
59241
48412
2665
36845
22757
29065
14812
31666
51810
21497
19491
26117
36677
27420
3797
14121
28028
57137
11991
57089
45501
61679
7081
4851
51352
57391
18182
56265
40208
6415
3594
60586
58079
28383
47352
31567
65322
34204
47816
6207
13660
48108
41859
3296
35531
33277
54523
34790
57705
33876
53778
24721
45984
1600
8912
14636
45319
13456
1030
4834
65405
49428
1455
860
52825
16347
187
16615
9378
13035
26797
30637
48851
32340
32995
43649
32815
55096
52635
24547
30191
15106
44795
43147
60207
21225
15893
35936
16995
63727
41475
34041
38900
41326
23373
3791
61487
56562
48839
45895
27801
17415
42147
45789
47366
6098
23906
8137
17118
35117
21028
33453
33756
41691
27078
19628
37076
7221
52607
26889
33705
7953
63337
15285
16611
12187
59687
36717
31908
44436
59765
13337
60220
48782
29332
60014
54914
9709
57872
19454
13757
38049
41448
33574
10630
9551
42134
15731
56012
1224
13925
28825
9066
4098
63457
30446
47805
31474
50303
8268
30824
17537
57081
34740
26310
24067
55152
33139
5105
28182
44997
158
51086
2535
3481
57973
58333
6880
10391
41522
56536
1025
17443
54444
26651
30614
9899
14592
5869
61000
15255
13983
43049
22924
2302
55726
30120
10169
56428
39198
20193
36264
7168
17972
27738
31483
26565
36856
29806
47455
42008
9767
34019
46684
