33380
26486
46293
64456
1157
46751
54648
33678
22151
49101
63213
11649
38221
10127
19869
35249
11785
21146
59661
36732
59791
48257
16228
27276
54339
45030
31947
46541
30050
19026
1751
13454
59966
33468
9788
24917
48672
12627
3452
55668
19167
32051
59596
41607
12842
16897
28166
1352
2366
57294
39393
42742
43447
60351
13605
12499
7980
37780
8394
9084
52288
29215
46494
64344
59169
35483
8891
757
44907
9610
16672
45509
59911
7925
55546
16342
1416
42076
39529
52140
24225
29741
50789
38173
6911
63941
41153
4279
62854
29652
41213
346
45896
2051
2011
2929
12779
55737
2855
60639
36675
3008
27289
26752
40117
59603
42932
8772
2065
11953
43601
58307
38029
52744
43778
44766
45766
4031
22409
28385
23280
27198
19128
11977
29316
57165
54340
20287
17268
14702
21733
65191
47081
11893
64346
2926
38851
20647
50836
19261
60899
55362
23416
8828
55289
63802
28956
64900
15673
31811
32700
45521
31851
17271
40108
4062
57724
55811
21267
24675
17164
1973
7669
61311
17185
64827
26302
8318
24550
12432
33754
11075
60392
37582
51123
39792
40299
54683
55700
55162
13299
61157
6586
25792
38546
41446
63674
48233
14101
17588
57970
25814
47602
15903
36351
39803
15170
20682
18865
17710
45674
64040
49845
38257
12851
16103
6107
2691
9977
48752
62553
525
27028
58564
26148
29573
32976
24932
692
55283
52838
33610
18401
9486
35791
55747
33882
6609
24924
8209
44888
9957
21228
27316
41105
39935
39768
12612
62390
46725
36670
53984
25838
56364
35420
50725
43280
65396
23968
48111
11312
37569
24726
36571
61094
56097
46127
9267
4887
7196
2120
9801
62143
21597
15890
16472
34652
54723
4295
51472
12000
19673
55638
24419
46069
4654
61896
13562
51755
19777
61380
44892
60745
21464
13236
50301
41778
15076
18685
23914
18187
5790
33993
64008
48514
26623
49479
28742
11476
36015
9254
38719
12985
13842
34264
59445
11704
23186
21797
3197
20968
19428
5247
9223
10864
35837
48787
34072
19340
13073
16891
18115
48346
45442
45728
5453
41845
2886
63349
24051
65231
21849
23977
38624
42317
58261
11473
21707
52660
48063
49969
37310
17320
13431
58062
21643
18228
12725
16800
9781
7358
59235
34109
3814
33533
798
3755
20124
56143
21284
10942
37704
31878
36731
49006
63086
52541
38463
40123
48190
46886
56010
30895
21812
21730
49946
61349
63083
26122
26189
54466
46035
52539
25536
47267
7869
51411
4917
58877
17160
37972
62819
39732
31186
64734
20338
64985
61983
12967
7684
65145
21188
47758
54068
2569
17746
338
35031
14119
41932
21785
50135
27180
825
17483
34898
22611
18278
55972
10040
6647
12613
26880
55044
10905
38136
25009
12484
60648
16189
64792
4754
32339
63520
26686
6064
25056
29206
64544
54914
10977
1570
43011
54316
17984
38596
18036
44722
37427
53538
60078
22410
63846
50626
28337
29604
27923
48425
14364
37280
41619
34929
36460
1265
63979
59153
12261
56288
5293
415
32264
49304
25858
16868
32432
12528
27747
53952
40678
34820
26210
60237
10032
60864
44695
22449
25167
40414
40681
56337
50630
46945
52771
31514
56000
10792
13115
1478
3349
34589
35163
54715
61576
48169
32919
9023
31000
52373
32983
818
17892
46104
36019
64841
40308
3045
49780
5919
29175
6313
65340
43464
33576
23567
50316
58781
64854
65246
2191
22356
16592
45109
30428
25209
30216
21681
38595
35781
22538
58459
40858
45746
1068
37266
40744
22644
27093
7353
13472
44037
9125
35266
4034
60170
33501
9440
49607
26292
35459
25594
12669
3616
38927
8747
14024
13760
52995
31488
57597
41251
51964
6991
43064
53814
4963
50953
2408
51995
46287
36087
43150
50777
55520
17669
14719
45151
17893
33213
57136
11719
7832
46153
222
48984
48976
27137
27892
45019
7221
60699
70
15566
60110
15958
32430
12775
15233
1317
15680
37992
64772
19859
10141
7969
28512
28886
22144
5718
31989
30146
16088
19512
43468
21275
43980
14177
8989
28016
33806
27917
64959
14106
26979
7355
57755
12580
49468
51958
60725
33225
44053
14679
11848
40704
63536
27267
32444
893
41106
1717
14014
51393
60390
6071
63781
13289
38297
28491
56728
35506
32565
57382
36693
52497
30234
21769
16252
33864
29510
23145
55638
44077
1381
47784
1452
42351
2505
47835
45841
6543
34049
31398
64310
8642
61424
7573
64610
56055
8396
9024
12547
49471
41110
40464
49514
48619
39786
33470
31832
13349
7465
52461
34120
39429
14906
43983
17031
17936
30244
54472
50350
9545
56653
48624
21477
35464
7504
10004
18663
22258
34068
35325
3915
25492
25858
55910
36690
32594
17605
16237
9898
4349
57620
64430
23656
44451
50604
43753
9342
52568
38735
62530
36028
30454
3306
13092
16685
56336
3715
52922
22949
45974
10828
44346
11922
53742
21644
38145
37495
21131
54346
22002
16204
20458
1257
14883
48758
62742
47700
47531
46739
56897
12999
33451
46827
40529
33777
6355
7316
37909
55940
9892
3077
25935
2156
58149
10937
48657
10270
63630
29305
49757
18433
14365
16964
50407
28944
13538
35583
49741
5322
63317
26408
10891
14734
15839
36888
9446
9956
53178
26639
37777
65057
61397
55761
11738
35978
59598
13290
30731
50201
27167
45662
47602
1042
13672
23689
17871
42069
41329
43461
64573
54045
15269
27922
29696
40263
20552
29180
8562
7010
8699
2636
17984
64088
57997
20512
63975
33485
7581
51746
50162
34796
51643
23225
46262
16895
62119
20177
46687
40126
16155
4141
43259
20815
4809
31129
22195
47698
55792
19409
9291
31201
2891
30714
45857
10160
34710
17214
14269
34159
24512
1467
47272
29356
25586
215
34620
42210
41661
32087
15673
13674
43200
50085
12519
27342
39502
14219
23621
55011
27283
51199
64698
25706
33316
18966
62969
16021
8857
16279
9947
28849
2467
60663
10142
40114
5231
43749
16672
29347
32841
44203
8676
31081
30628
22800
56006
57579
48918
5950
55334
14109
60590
36548
55140
594
49656
49457
41428
5296
11629
47008
41111
23509
36954
22149
3474
34354
6538
4383
42983
62004
2139
60277
54225
27539
14153
28977
233
34394
23624
59297
3288
17964
33175
9698
13737
57591
38499
46527
35975
3905
58477
28353
55750
38684
17179
55573
35928
47831
6359
48116
51939
28361
30248
10566
39515
50023
43575
45586
32592
44968
47938
48195
6701
21599
52873
60738
15877
